5408   178866     161549     178866     161549    
5409   89280.7    87150.3    89280.7    87150.3   
5439   206647     176091     206647     176091    
5440   463765     352024     463765     352024    
5441   488569     346568     488569     346568    
5442   411043     328578     411043     328578    
5443   472286     377381     472286     377381    
5444   395048     326254     395048     326254    
5445   500977     442704     500977     442704    
5446   106300     51812.1    106300     51812.1   
5447   305791     117846     305791     117846    
5448   88526.5    50623.8    88526.5    50623.8   
5449   201060     111632     201060     111632    
5450   189789     114930     189789     114930    
5451   307992     185906     307992     185906    
5452   145651     101302     145651     101302    
5453   206059     177698     206059     177698    
5454   480358     433590     480358     433590    
5455   462272     377049     462272     377049    
5456   328346     213957     328346     213957    
5457   509046     453852     509046     453852    
5458   554940     475559     554940     475559    
5459   462294     377716     462294     377716    
5460   560718     484558     560718     484558    
5461   506517     432818     506517     432818    
5462   565148     483924     565148     483924    
5463   495785     403515     495785     403515    
5464   473756     393585     473756     393585    
5465   456221     373730     456221     373730    
5466   387112     322240     387112     322240    
5467   537254     429711     537254     429711    
5468   516836     393767     516836     393767    
5469   221548     182418     221548     182418    
5471   532284     454478     532284     454478    
5472   541237     462712     541237     462712    
5473   176514     147110     176514     147110    
5474   98939.3    27957.4    98939.3    27957.4   
5475   538344     450137     538344     450137    
5476   298525     265491     298525     265491    
5477   343684     239039     343684     239039    
5478   209390     176189     209390     176189    
5486   226455     94532.7    226455     94532.7   
5488   241678     135446     241678     135446    
5489   224934     124083     224934     124083    
5576   134239     57416.5    134239     57416.5   
5581   523144     337438     523144     337438    
5582   436546     331089     436546     331089    
5583   410995     349043     410995     349043    
5613   306413     132143     306413     132143    
5616   465654     381852     465654     381852    
5620   118525     107846     118525     107846    
5636   143153     28000.1    143153     28000.1   
5637   172123     59604.3    172123     59604.3   
5639   333060     166802     333060     166802    
5640   379171     301053     379171     301053    
5641   471396     243030     471396     243030    
5642   386105     177133     386105     177133    
5643   411726     55138.8    411726     55138.8   
5644   217467     196236     217467     196236    
5645   410847     272038     410847     272038    
5646   294025     143191     294025     143191    
5648   425131     317033     425131     317033    
5649   346204     277764     346204     277764    
5650   409547     348149     409547     348149    
5651   396135     334068     396135     334068    
5652   343467     243612     343467     243612    
5653   148440     65844.2    148440     65844.2   
5655   399918     318806     399918     318806    
5656   49943.4    36751.1    49943.4    36751.1   
5749   410955     343250     410955     343250    
5750   183343     136183     183343     136183    
5751   163136     118406     163136     118406    
5752   266831     155183     266831     155183    
5753   165623     134538     165623     134538    
5757   269115     188400     269115     188400    
5770   229600     119741     229600     119741    
5772   128743     85568.6    128743     85568.6   
5773   267980     90859.2    267980     90859.2   
5774   341467     264928     341467     264928    
5775   320809     241656     320809     241656    
5776   334335     249895     334335     249895    
5777   235308     200517     235308     200517    
5778   158960     115390     158960     115390    
5786   129352     63114.5    129352     63114.5   
5787   451959     373943     451959     373943    
5788   183962     109945     183962     109945    
5789   372294     286011     372294     286011    
5790   269778     158155     269778     158155    
5791   147015     79052.4    147015     79052.4   
5792   444311     220468     444311     220468    
5793   462310     344187     462310     344187    
5794   288426     166469     288426     166469    
5795   137723     122426     137723     122426    
5796   453658     387046     453658     387046    
5797   442058     384286     442058     384286    
5798   434718     373989     434718     373989    
5799   473829     421637     473829     421637    
5800   376868     317619     376868     317619    
5801   475817     406379     475817     406379    
5802   402169     297482     402169     297482    
5803   425717     277360     425717     277360    
5804   514796     427585     514796     427585    
5805   497662     445851     497662     445851    
5806   517138     462642     517138     462642    
5808   462464     340138     462464     340138    
5809   362552     274305     362552     274305    
5810   475618     429557     475618     429557    
5811   428643     361288     428643     361288    
5812   494444     276927     494444     276927    
5813   530238     469025     530238     469025    
5814   328592     282742     328592     282742    
5815   423086     347664     423086     347664    
5816   441561     306609     441561     306609    
5817   473602     241515     473602     241515    
5818   396334     317845     396334     317845    
5819   86013.2    31529.7    86013.2    31529.7   
5915   216828     151240     216828     151240    
5916   159063     76826.4    159063     76826.4   
5917   142860     67036.7    142860     67036.7   
5918   200915     164865     200915     164865    
5919   147572     121515     147572     121515    
5921   278958     232434     278958     232434    
5922   377640     323347     377640     323347    
5923   387819     330724     387819     330724    
5924   185176     166743     185176     166743    
5928   115983     41108.1    115983     41108.1   
5929   244175     158329     244175     158329    
5942   340217     262308     340217     262308    
5943   334304     267341     334304     267341    
5944   339634     253162     339634     253162    
5950   157843     67511.9    157843     67511.9   
5952   412377     324432     412377     324432    
5953   256018     222489     256018     222489    
5954   457068     393930     457068     393930    
5955   374216     314878     374216     314878    
5956   359543     297955     359543     297955    
5957   120222     74693.3    120222     74693.3   
5958   307267     191126     307267     191126    
5959   419358     339049     419358     339049    
5960   431214     353940     431214     353940    
5961   357957     283787     357957     283787    
5962   385026     325639     385026     325639    
5963   313369     246746     313369     246746    
5964   269305     178588     269305     178588    
5965   331308     300924     331308     300924    
5966   443934     384284     443934     384284    
5967   368649     307139     368649     307139    
5968   422936     368020     422936     368020    
5969   482398     445889     482398     445889    
5970   232640     188949     232640     188949    
5971   408766     344518     408766     344518    
5972   32930.4    20865.4    32930.4    20865.4   
6032   78126.2    57758.8    78126.2    57758.8   
6033   351690     290241     351690     290241    
6034   321609     249661     321609     249661    
6036   450998     373377     450998     373377    
6085   342006     278626     342006     278626    
6086   268600     118561     268600     118561    
6087   110641     95011.9    110641     95011.9   
6089   380648     327450     380648     327450    
6090   312207     273081     312207     273081    
6091   141252     125317     141252     125317    
6093   356788     300723     356788     300723    
6094   216809     169403     216809     169403    
6098   387478     326805     387478     326805    
6099   179297     151351     179297     151351    
6102   238980     203729     238980     203729    
6103   362311     268986     362311     268986    
6104   439263     392965     439263     392965    
6107   104535     79023.5    104535     79023.5   
6108   128490     106929     128490     106929    
6109   374637     317890     374637     317890    
6110   266033     221229     266033     221229    
6116   379908     322627     379908     322627    
6118   276586     192891     276586     192891    
6119   374192     333071     374192     333071    
6120   375205     232306     375205     232306    
6121   208554     179508     208554     179508    
6122   96355.1    56149.1    96355.1    56149.1   
6123   121651     80091.2    121651     80091.2   
6124   290464     232437     290464     232437    
6125   335375     238794     335375     238794    
6126   241440     200553     241440     200553    
6127   346325     299753     346325     299753    
6128   355772     319782     355772     319782    
6129   296792     236527     296792     236527    
6130   377315     322578     377315     322578    
6131   321351     273581     321351     273581    
6132   307533     261384     307533     261384    
6133   335169     289769     335169     289769    
6134   246069     208175     246069     208175    
6135   354711     303427     354711     303427    
6136   180019     158988     180019     158988    
6159   339307     274808     339307     274808    
6160   267920     205902     267920     205902    
6161   304305     224278     304305     224278    
6162   277078     249442     277078     249442    
6163   235251     187029     235251     187029    
6164   507481     438476     507481     438476    
6165   441685     400420     441685     400420    
6166   62353.1    53558.7    62353.1    53558.7   
6168   372078     305921     372078     305921    
6176   188143     34950.2    188143     34950.2   
6177   234013     153666     234013     153666    
6178   298169     259969     298169     259969    
6179   101085     72859.9    101085     72859.9   
6185   496320     457586     496320     457586    
6186   502166     428647     502166     428647    
6187   158602     133562     158602     133562    
6193   374611     328991     374611     328991    
6194   353907     281921     353907     281921    
6195   126912     112699     126912     112699    
6201   40892.2    26767.1    40892.2    26767.1   
6202   221957     188025     221957     188025    
6203   253008     202388     253008     202388    
6204   332489     273708     332489     273708    
6205   477516     421480     477516     421480    
6206   117110     89663.2    117110     89663.2   
6207   337690     291793     337690     291793    
6208   345015     297900     345015     297900    
6209   307346     263244     307346     263244    
6210   351381     319635     351381     319635    
6211   311252     278744     311252     278744    
6212   321679     282787     321679     282787    
6213   132599     108782     132599     108782    
6214   284161     236157     284161     236157    
6215   279502     245227     279502     245227    
6216   91304      63307.7    91304      63307.7   
6217   227695     201215     227695     201215    
6218   181750     132370     181750     132370    
6234   306148     266968     306148     266968    
6235   313743     276266     313743     276266    
6236   321662     210784     321662     210784    
6237   107589     77766.4    107589     77766.4   
6238   192567     144697     192567     144697    
6239   213089     177276     213089     177276    
6240   274377     217081     274377     217081    
6241   240673     203185     240673     203185    
6248   255845     186909     255845     186909    
6249   148110     104900     148110     104900    
6252   74186.8    52575.7    74186.8    52575.7   
6255   133367     69375.2    133367     69375.2   
6256   347658     291871     347658     291871    
6257   266735     231021     266735     231021    
6258   361844     303925     361844     303925    
6259   335570     274160     335570     274160    
6284   218079     137437     218079     137437    
6285   187742     127904     187742     127904    
6314   438659     373397     438659     373397    
6315   367407     306321     367407     306321    
6316   415103     350007     415103     350007    
6317   270163     216017     270163     216017    
6318   412419     352676     412419     352676    
6319   409717     345830     409717     345830    
6320   392038     340823     392038     340823    
6321   94625.1    31107.8    94625.1    31107.8   
6328   364225     284245     364225     284245    
6329   327325     242250     327325     242250    
6330   330907     262508     330907     262508    
6331   397245     313647     397245     313647    
6332   368936     279262     368936     279262    
6333   62687.7    44112      62687.7    44112     
6334   68259.3    54848.2    68259.3    54848.2   
6424   119533     99823      119533     99823     
6427   69214.6    49089      69214.6    49089     
6428   53370.3    34115.6    53370.3    34115.6   
6429   419482     361298     419482     361298    
6430   53574.3    45497.5    53574.3    45497.5   
6431   296278     233895     296278     233895    
6432   397511     342328     397511     342328    
6433   394061     335115     394061     335115    
6434   384679     331175     384679     331175    
6435   298850     237013     298850     237013    
6436   303396     242352     303396     242352    
6437   105182     84754.8    105182     84754.8   
6439   231249     164587     231249     164587    
6440   264550     199887     264550     199887    
6443   291719     208644     291719     208644    
6444   154705     122215     154705     122215    
6445   394105     322232     394105     322232    
6446   299880     227596     299880     227596    
6447   270645     110970     270645     110970    
6448   357308     280534     357308     280534    
6449   283022     219689     283022     219689    
6451   415796     333326     415796     333326    
6452   283030     216055     283030     216055    
6455   437944     361618     437944     361618    
6456   472510     402412     472510     402412    
6457   496846     425766     496846     425766    
6458   438925     391205     438925     391205    
6459   443323     380378     443323     380378    
6460   396431     343601     396431     343601    
6461   84796.8    51982.1    84796.8    51982.1   
6462   333310     276300     333310     276300    
6463   295890     209272     295890     209272    
6464   135863     112911     135863     112911    
6514   41295      30294.5    41295      30294.5   
6515   367744     287836     367744     287836    
6516   356813     286246     356813     286246    
6517   271928     225658     271928     225658    
6518   367184     303952     367184     303952    
6519   400799     328768     400799     328768    
6520   120758     98190.6    120758     98190.6   
6522   62354.1    39352.1    62354.1    39352.1   
6526   365132     314942     365132     314942    
6527   451929     388619     451929     388619    
6528   439945     383188     439945     383188    
6529   404445     345618     404445     345618    
6530   354952     291465     354952     291465    
6531   372043     310351     372043     310351    
6532   237574     195509     237574     195509    
6533   300151     255766     300151     255766    
6534   282252     237595     282252     237595    
6535   370455     308868     370455     308868    
6536   284319     240636     284319     240636    
6537   281584     232552     281584     232552    
6538   409490     357042     409490     357042    
6539   158208     123930     158208     123930    
6540   315179     256472     315179     256472    
6541   166937     127867     166937     127867    
6542   202595     176580     202595     176580    
6543   134022     107390     134022     107390    
6544   197252     155730     197252     155730    
6545   379895     327664     379895     327664    
6563   214940     81267.1    214940     81267.1   
6564   305018     245091     305018     245091    
6565   356053     316599     356053     316599    
6566   391408     339898     391408     339898    
6567   322772     265232     322772     265232    
6571   344810     261526     344810     261526    
6572   344421     273421     344421     273421    
6573   465469     369292     465469     369292    
6574   433435     373937     433435     373937    
6575   416663     375209     416663     375209    
6576   360751     297957     360751     297957    
6577   387928     341420     387928     341420    
6578   48729.9    38750.8    48729.9    38750.8   
6579   258527     184379     258527     184379    
6580   440800     367302     440800     367302    
6581   322607     274567     322607     274567    
6582   449665     380966     449665     380966    
6583   358792     307331     358792     307331    
6584   343172     289360     343172     289360    
6585   216216     146929     216216     146929    
6586   443006     387660     443006     387660    
6587   448703     384780     448703     384780    
6588   404753     358310     404753     358310    
6589   382490     321104     382490     321104    
6590   408691     362391     408691     362391    
6591   409397     360357     409397     360357    
6592   309407     272816     309407     272816    
6593   365788     311099     365788     311099    
6594   328553     297070     328553     297070    
6595   459807     401279     459807     401279    
6596   434214     380247     434214     380247    
6597   280363     232595     280363     232595    
6598   146605     114335     146605     114335    
6599   136851     109293     136851     109293    
6600   136863     118143     136863     118143    
6608   47727.8    27222.9    47727.8    27222.9   
6612   180541     161628     180541     161628    
6613   234571     194217     234571     194217    
6614   282654     252601     282654     252601    
6615   475831     406461     475831     406461    
6616   134595     105969     134595     105969    
6617   319038     256928     319038     256928    
6618   289552     232644     289552     232644    
6619   402615     344843     402615     344843    
6620   419601     369520     419601     369520    
6621   414947     362686     414947     362686    
6622   435610     384153     435610     384153    
6623   416614     361612     416614     361612    
6624   452602     408861     452602     408861    
6625   170203     140613     170203     140613    
6627   284523     194418     284523     194418    
6628   387585     339676     387585     339676    
6629   439657     397746     439657     397746    
6630   446611     381272     446611     381272    
6631   352349     300796     352349     300796    
6632   325679     283391     325679     283391    
6633   367782     307754     367782     307754    
6636   451034     399599     451034     399599    
6637   406564     361521     406564     361521    
6638   402325     342552     402325     342552    
6639   428344     371676     428344     371676    
6644   429549     369177     429549     369177    
6645   435156     387184     435156     387184    
6646   313200     253455     313200     253455    
6647   492785     398950     492785     398950    
6650   124097     93283.5    124097     93283.5   
6662   325644     276239     325644     276239    
6663   494860     442501     494860     442501    
6664   449496     402930     449496     402930    
6665   441510     400159     441510     400159    
6666   393938     346541     393938     346541    
6667   463920     401663     463920     401663    
6668   418324     361653     418324     361653    
6669   373951     325694     373951     325694    
6670   434993     370435     434993     370435    
6671   409269     375560     409269     375560    
6672   282499     218330     282499     218330    
6673   181921     152118     181921     152118    
6685   209206     147185     209206     147185    
6691   41200.8    19916.5    41200.8    19916.5   
6693   285096     49142.6    285096     49142.6   
6694   308837     253849     308837     253849    
6695   202527     152322     202527     152322    
6696   326605     249830     326605     249830    
6697   178543     153851     178543     153851    
6711   326760     244619     326760     244619    
6712   295368     233785     295368     233785    
6713   57113.4    37868.3    57113.4    37868.3   
6723   424595     357183     424595     357183    
6724   433881     345838     433881     345838    
6725   246406     202394     246406     202394    
6726   408451     337249     408451     337249    
6727   154262     112557     154262     112557    
6728   129671     90327.5    129671     90327.5   
6729   458076     383746     458076     383746    
6730   98295.1    76257.5    98295.1    76257.5   
6753   125820     105264     125820     105264    
6754   312100     237460     312100     237460    
6755   371816     250560     371816     250560    
6756   241829     186331     241829     186331    
6762   183104     159616     183104     159616    
6764   159097     107090     159097     107090    
6765   314023     279716     314023     279716    
6768   416724     356080     416724     356080    
6781   373486     305054     373486     305054    
6782   102778     42590.7    102778     42590.7   
6783   448191     398271     448191     398271    
6784   357031     308197     357031     308197    
6785   427031     378319     427031     378319    
6786   355418     272812     355418     272812    
6787   402851     343431     402851     343431    
6788   497703     457586     497703     457586    
6789   390600     332300     390600     332300    
6790   443464     386314     443464     386314    
6791   550542     506894     550542     506894    
6792   355053     307078     355053     307078    
6793   336393     311695     336393     311695    
6794   293208     251674     293208     251674    
6795   176329     150295     176329     150295    
6796   390893     275183     390893     275183    
6797   230520     164919     230520     164919    
6798   260782     207923     260782     207923    
6799   455947     404617     455947     404617    
6800   420089     379170     420089     379170    
6801   473319     430299     473319     430299    
6802   465187     425201     465187     425201    
6803   412255     367459     412255     367459    
6804   418319     365650     418319     365650    
6805   412616     386600     412616     386600    
6806   337528     301466     337528     301466    
6808   412719     359360     412719     359360    
6809   479970     450204     479970     450204    
6810   371669     319117     371669     319117    
6811   454797     409714     454797     409714    
6812   468853     429413     468853     429413    
6813   410272     373484     410272     373484    
6814   492576     455589     492576     455589    
6815   478281     443705     478281     443705    
6816   474593     428855     474593     428855    
6817   451229     410172     451229     410172    
6818   588580     532375     588580     532375    
6819   559233     516292     559233     516292    
6820   423114     387650     423114     387650    
6821   519386     462124     519386     462124    
6822   558659     501873     558659     501873    
6823   395281     348210     395281     348210    
6824   464671     438684     464671     438684    
6825   401535     363778     401535     363778    
6826   446687     407868     446687     407868    
6827   470345     423941     470345     423941    
6852   187759     175473     187759     175473    
6853   449027     402132     449027     402132    
6854   428481     354103     428481     354103    
6864   162092     127554     162092     127554    
6865   339863     303479     339863     303479    
6866   372986     327860     372986     327860    
6867   401115     358297     401115     358297    
6868   111972     96511.6    111972     96511.6   
6883   264829     201760     264829     201760    
6884   429284     398588     429284     398588    
6885   479918     443243     479918     443243    
6886   462358     428455     462358     428455    
6887   444941     411853     444941     411853    
6888   63087.3    53505      63087.3    53505     
6889   377304     341651     377304     341651    
6890   466238     429980     466238     429980    
6891   446226     409952     446226     409952    
6892   501338     463571     501338     463571    
6893   203728     188682     203728     188682    
6894   179459     153949     179459     153949    
6895   403380     362018     403380     362018    
6896   211683     195361     211683     195361    
6909   196058     116450     196058     116450    
6910   288122     210086     288122     210086    
6913   341191     281601     341191     281601    
6914   450210     401922     450210     401922    
6915   477294     443191     477294     443191    
6916   216823     191556     216823     191556    
6917   233257     217863     233257     217863    
6918   496798     454719     496798     454719    
6919   447023     402738     447023     402738    
6920   402864     366077     402864     366077    
6921   427806     384313     427806     384313    
6922   461403     418691     461403     418691    
6923   433614     402106     433614     402106    
6924   433859     380337     433859     380337    
6925   255579     230159     255579     230159    
6926   52643      35646.9    52643      35646.9   
6927   205058     184556     205058     184556    
6928   498650     464763     498650     464763    
6929   125471     105425     125471     105425    
6932   529098     483734     529098     483734    
6933   420447     362371     420447     362371    
6934   422308     390591     422308     390591    
6935   421951     369947     421951     369947    
6936   464784     416731     464784     416731    
6937   449807     411520     449807     411520    
6938   478716     442031     478716     442031    
6939   361635     322680     361635     322680    
6940   418949     376204     418949     376204    
6941   402900     355544     402900     355544    
6942   438744     387018     438744     387018    
6943   429663     388737     429663     388737    
6944   470074     425482     470074     425482    
6945   423470     384263     423470     384263    
6946   474155     437331     474155     437331    
6947   443176     403857     443176     403857    
6948   433892     397080     433892     397080    
6949   462561     426748     462561     426748    
6950   430609     391195     430609     391195    
6951   389759     355921     389759     355921    
6953   201885     157117     201885     157117    
6954   340568     293365     340568     293365    
6955   202350     177066     202350     177066    
6956   257416     219280     257416     219280    
6959   349440     284432     349440     284432    
6960   370570     327418     370570     327418    
6961   433928     406036     433928     406036    
6962   442531     403108     442531     403108    
6963   365279     323013     365279     323013    
6964   438872     386410     438872     386410    
6965   431123     385535     431123     385535    
6966   554645     497821     554645     497821    
6967   340311     306118     340311     306118    
6968   352767     314786     352767     314786    
6969   425548     378359     425548     378359    
6970   449386     402337     449386     402337    
6971   395713     344673     395713     344673    
6972   384520     349153     384520     349153    
6973   266563     210664     266563     210664    
6974   258381     192738     258381     192738    
6975   427940     371231     427940     371231    
6976   274197     220620     274197     220620    
6977   159982     139551     159982     139551    
6978   242955     205100     242955     205100    
6980   60373.2    43509.3    60373.2    43509.3   
6981   405917     360663     405917     360663    
6982   236781     165755     236781     165755    
6983   458422     419103     458422     419103    
6987   85837.2    47543.3    85837.2    47543.3   
6988   176381     135065     176381     135065    
6989   95045.1    74450.5    95045.1    74450.5   
6991   225533     188423     225533     188423    
6992   203593     181371     203593     181371    
6994   167719     133326     167719     133326    
6995   334377     280876     334377     280876    
6996   367856     320502     367856     320502    
6997   372075     338263     372075     338263    
6998   463097     427273     463097     427273    
6999   435900     398691     435900     398691    
7000   402971     371478     402971     371478    
7001   468469     437251     468469     437251    
7002   427134     389285     427134     389285    
7003   401942     360487     401942     360487    
7004   267616     229584     267616     229584    
7005   355842     316595     355842     316595    
7006   422816     395738     422816     395738    
7007   470664     438334     470664     438334    
7008   395018     354780     395018     354780    
7010   348854     307616     348854     307616    
7011   430759     397654     430759     397654    
7012   459823     421086     459823     421086    
7013   346889     296246     346889     296246    
7014   484583     451711     484583     451711    
7015   452795     400868     452795     400868    
7016   393308     356527     393308     356527    
7017   400059     354622     400059     354622    
7018   450511     413913     450511     413913    
7019   408470     361977     408470     361977    
7020   449917     416891     449917     416891    
7021   399160     359366     399160     359366    
7022   466736     427140     466736     427140    
7023   39238.2    31544.8    39238.2    31544.8   
7024   351626     318634     351626     318634    
7025   429985     393056     429985     393056    
7026   123385     97800.1    123385     97800.1   
7040   295541     244950     295541     244950    
7041   124519     93670.8    124519     93670.8   
7044   630366     577758     630366     577758    
7045   302605     271689     302605     271689    
7046   452810     412895     452810     412895    
7047   431255     394132     431255     394132    
7048   355968     322851     355968     322851    
7058   262624     230368     262624     230368    
7059   465999     433601     465999     433601    
7062   522935     479900     522935     479900    
7063   328577     283905     328577     283905    
7064   425926     387938     425926     387938    
7065   404668     374790     404668     374790    
7066   464010     428569     464010     428569    
7067   342139     287138     342139     287138    
7068   421559     378749     421559     378749    
7069   435522     402220     435522     402220    
7070   440366     404962     440366     404962    
7071   417628     371277     417628     371277    
7072   388521     348698     388521     348698    
7073   468442     429446     468442     429446    
7074   316501     273261     316501     273261    
7075   368992     332270     368992     332270    
7076   389059     348163     389059     348163    
7077   398648     347918     398648     347918    
7079   384343     345034     384343     345034    
7080   375296     317244     375296     317244    
7081   267939     236652     267939     236652    
7082   394943     353657     394943     353657    
7086   450375     412635     450375     412635    
7087   399725     361181     399725     361181    
7088   405619     361897     405619     361897    
7089   196311     182511     196311     182511    
7090   159620     145430     159620     145430    
7091   425305     385847     425305     385847    
7092   350811     318921     350811     318921    
7093   356085     317275     356085     317275    
7094   429058     385187     429058     385187    
7095   415256     391774     415256     391774    
7096   454058     416847     454058     416847    
7097   411056     378757     411056     378757    
7098   460466     421323     460466     421323    
7099   394642     356889     394642     356889    
7100   224731     195896     224731     195896    
7106   327636     297228     327636     297228    
7107   457384     415254     457384     415254    
7108   106504     100349     106504     100349    
7110   219250     189523     219250     189523    
7113   261980     192526     261980     192526    
7114   298022     267218     298022     267218    
7118   426027     392313     426027     392313    
7119   456286     417980     456286     417980    
7120   71891.6    66378.8    71891.6    66378.8   
7122   90373.2    53625.6    90373.2    53625.6   
7127   557886     497723     557886     497723    
7128   572914     529325     572914     529325    
7129   445562     383846     445562     383846    
7130   400387     335683     400387     335683    
7131   302565     236176     302565     236176    
7139   253098     230588     253098     230588    
7140   489239     455660     489239     455660    
7141   323601     282418     323601     282418    
7142   391567     351638     391567     351638    
7143   488276     449788     488276     449788    
7144   488507     444746     488507     444746    
7145   432016     388789     432016     388789    
7146   477092     440280     477092     440280    
7147   417654     375179     417654     375179    
7148   462958     432490     462958     432490    
7149   499538     463933     499538     463933    
7150   423487     389979     423487     389979    
7151   398360     347783     398360     347783    
7152   473182     430668     473182     430668    
7153   338638     298440     338638     298440    
7154   426885     379824     426885     379824    
7155   437982     396795     437982     396795    
7156   378730     334618     378730     334618    
7157   474898     433639     474898     433639    
7158   475949     429481     475949     429481    
7159   451329     408442     451329     408442    
7160   471465     421526     471465     421526    
7161   462182     424631     462182     424631    
7162   447713     402571     447713     402571    
7163   143230     122601     143230     122601    
7165   149913     128237     149913     128237    
7167   354069     340214     354069     340214    
7168   440730     386197     440730     386197    
7169   466620     423651     466620     423651    
7170   485645     448659     485645     448659    
7171   454209     420615     454209     420615    
7172   447954     405091     447954     405091    
7173   453887     413949     453887     413949    
7174   505988     474429     505988     474429    
7175   450994     416619     450994     416619    
7176   481563     441102     481563     441102    
7180   370892     333057     370892     333057    
7181   192697     174816     192697     174816    
7183   149144     132327     149144     132327    
7184   385702     346175     385702     346175    
7185   481187     448427     481187     448427    
7186   438651     401230     438651     401230    
7187   483918     449468     483918     449468    
7188   467731     430738     467731     430738    
7189   498710     461887     498710     461887    
7190   472278     422181     472278     422181    
7191   504697     475766     504697     475766    
7192   310578     290861     310578     290861    
7193   108262     100541     108262     100541    
7195   400130     366288     400130     366288    
7196   309228     267172     309228     267172    
7207   225076     213196     225076     213196    
7208   434982     391111     434982     391111    
7209   438447     401798     438447     401798    
7210   511358     480994     511358     480994    
7211   411781     368938     411781     368938    
7212   467746     428377     467746     428377    
7213   474914     436163     474914     436163    
7214   369077     316356     369077     316356    
7215   340278     305980     340278     305980    
7216   63939.5    48563.2    63939.5    48563.2   
7226   479008     437542     479008     437542    
7227   345866     303873     345866     303873    
7228   413179     356299     413179     356299    
7229   473308     433334     473308     433334    
7230   270784     240934     270784     240934    
7232   124460     80236.6    124460     80236.6   
7235   485232     452428     485232     452428    
7236   453173     403216     453173     403216    
7237   477553     435787     477553     435787    
7238   414323     379833     414323     379833    
7239   462937     410661     462937     410661    
7241   376291     340472     376291     340472    
7242   414244     363011     414244     363011    
7243   443873     402004     443873     402004    
7244   497017     456889     497017     456889    
7245   457122     422956     457122     422956    
7246   432415     374749     432415     374749    
7247   360474     312769     360474     312769    
7248   76910.4    70026.7    76910.4    70026.7   
7249   243246     157470     243246     157470    
7251   295768     258808     295768     258808    
7252   489163     450609     489163     450609    
7253   202349     176406     202349     176406    
7255   247108     226835     247108     226835    
7256   206615     138347     206615     138347    
7257   540484     499473     540484     499473    
7258   401426     366178     401426     366178    
7259   496879     467755     496879     467755    
7260   423301     376822     423301     376822    
7261   417048     368608     417048     368608    
7262   470570     433291     470570     433291    
7263   398985     358735     398985     358735    
7264   499538     469054     499538     469054    
7265   473964     438721     473964     438721    
7266   386946     345040     386946     345040    
7267   469977     422828     469977     422828    
7268   66343.3    47945.2    66343.3    47945.2   
7283   470340     415327     470340     415327    
7284   175739     153189     175739     153189    
7285   283712     253591     283712     253591    
7286   445683     402953     445683     402953    
7287   481672     442927     481672     442927    
7288   469910     430067     469910     430067    
7289   77729.4    48442.9    77729.4    48442.9   
7291   330152     217847     330152     217847    
7292   110079     105134     110079     105134    
7293   475015     438766     475015     438766    
7294   431208     398908     431208     398908    
7295   435226     383358     435226     383358    
7296   447601     409755     447601     409755    
7297   443428     413059     443428     413059    
7306   560199     443160     560199     443160    
7307   123286     101028     123286     101028    
7310   529809     454369     529809     454369    
7311   570034     535166     570034     535166    
7312   482119     452186     482119     452186    
7313   445821     403632     445821     403632    
7314   331479     294017     331479     294017    
7315   418482     371115     418482     371115    
7316   365178     337106     365178     337106    
7317   475397     433054     475397     433054    
7318   271817     254818     271817     254818    
7319   458944     415373     458944     415373    
7320   439573     409544     439573     409544    
7321   430341     390114     430341     390114    
7322   401892     360619     401892     360619    
7323   278998     236505     278998     236505    
7324   327225     292686     327225     292686    
7326   373832     347349     373832     347349    
7328   230896     202019     230896     202019    
7331   189114     174090     189114     174090    
7332   459407     421187     459407     421187    
7333   255632     228455     255632     228455    
7336   552043     514728     552043     514728    
7337   448439     402302     448439     402302    
7338   475156     435795     475156     435795    
7339   424289     386193     424289     386193    
7340   488550     454299     488550     454299    
7341   462996     420608     462996     420608    
7342   407919     356320     407919     356320    
7343   421543     375917     421543     375917    
7344   482617     442265     482617     442265    
7345   446057     402087     446057     402087    
7346   437398     403739     437398     403739    
7347   475233     418946     475233     418946    
7348   447039     404897     447039     404897    
7349   441062     394239     441062     394239    
7350   329131     297297     329131     297297    
7351   379059     338482     379059     338482    
7352   476062     427336     476062     427336    
7353   464188     427933     464188     427933    
7354   390240     346059     390240     346059    
7355   474985     432952     474985     432952    
7356   443922     406211     443922     406211    
7357   500932     455458     500932     455458    
7363   466765     422351     466765     422351    
7364   444387     401577     444387     401577    
7365   330292     304342     330292     304342    
7368   508916     477633     508916     477633    
7369   410019     369315     410019     369315    
7370   439958     394138     439958     394138    
7371   470267     426207     470267     426207    
7372   475388     434421     475388     434421    
7373   436697     384443     436697     384443    
7374   472474     437023     472474     437023    
7375   443803     412399     443803     412399    
7376   470544     423593     470544     423593    
7377   431671     387528     431671     387528    
7378   464814     435389     464814     435389    
7379   292888     260442     292888     260442    
7391   448185     403400     448185     403400    
7392   243890     218030     243890     218030    
7393   372777     340389     372777     340389    
7394   439935     396829     439935     396829    
7395   479402     437860     479402     437860    
7396   442919     393909     442919     393909    
7397   417821     365768     417821     365768    
7398   443408     390513     443408     390513    
7399   425661     364995     425661     364995    
7401   338742     291252     338742     291252    
7402   485418     446552     485418     446552    
7403   415246     360894     415246     360894    
7404   430431     381722     430431     381722    
7408   353286     316224     353286     316224    
7409   114965     87855.9    114965     87855.9   
7413   390491     326951     390491     326951    
7414   36189.1    22997.5    36189.1    22997.5   
7415   341054     308077     341054     308077    
7416   427386     387621     427386     387621    
7417   461069     417233     461069     417233    
7418   447744     388768     447744     388768    
7419   463663     407089     463663     407089    
7423   398479     368832     398479     368832    
7424   303440     272411     303440     272411    
7425   374255     346032     374255     346032    
7426   359711     325161     359711     325161    
7427   163875     139564     163875     139564    
7428   568091     515619     568091     515619    
7429   408274     375440     408274     375440    
7430   419564     373175     419564     373175    
7627   272226     237993     272226     237993    
7628   226366     202279     226366     202279    
7629   270966     238160     270966     238160    
7630   326927     286822     326927     286822    
7631   310300     272023     310300     272023    
7632   59425.2    48101.3    59425.2    48101.3   
7634   145819     105724     145819     105724    
7635   254751     192368     254751     192368    
7657   195797     124500     195797     124500    
7658   220547     158097     220547     158097    
7660   487397     420512     487397     420512    
7661   209569     182256     209569     182256    
7679   137981     116406     137981     116406    
7681   421674     363104     421674     363104    
7682   276747     207410     276747     207410    
7683   346800     302606     346800     302606    
7684   297573     251027     297573     251027    
7685   334110     292943     334110     292943    
7686   143548     117222     143548     117222    
7687   166882     139884     166882     139884    
7693   270920     209237     270920     209237    
7694   201125     149519     201125     149519    
7697   174505     141210     174505     141210    
7698   50160.8    33732.9    50160.8    33732.9   
7699   314956     276600     314956     276600    
7700   38925.1    21766.1    38925.1    21766.1   
7701   229469     194364     229469     194364    
7702   367567     291068     367567     291068    
7703   530002     359894     530002     359894    
7704   408065     360675     408065     360675    
7705   355869     286681     355869     286681    
7706   324224     262607     324224     262607    
7707   461730     381434     461730     381434    
7713   230149     187100     230149     187100    
7714   239825     192987     239825     192987    
7715   367500     114365     367500     114365    
7718   272560     237010     272560     237010    
7719   417567     367093     417567     367093    
7720   38421.8    20784.3    38421.8    20784.3   
7734   242168     192105     242168     192105    
7735   362901     317273     362901     317273    
7736   129782     96491.7    129782     96491.7   
7737   175298     144847     175298     144847    
7738   450003     378080     450003     378080    
7739   350069     292365     350069     292365    
7740   330670     282377     330670     282377    
7741   315629     262919     315629     262919    
7742   331440     267810     331440     267810    
7759   258028     85016.6    258028     85016.6   
7760   325060     278442     325060     278442    
7762   269911     217857     269911     217857    
7763   349927     294653     349927     294653    
7764   139586     111513     139586     111513    
7765   309878     193560     309878     193560    
7766   179319     122021     179319     122021    
7776   226289     174473     226289     174473    
7778   284190     247751     284190     247751    
7779   191420     157715     191420     157715    
7780   363523     297307     363523     297307    
7781   273526     211544     273526     211544    
7782   320874     268156     320874     268156    
7783   417182     373537     417182     373537    
7784   317575     251211     317575     251211    
7785   411397     354919     411397     354919    
7786   414818     358091     414818     358091    
7787   457299     423790     457299     423790    
7788   406658     359364     406658     359364    
7789   449248     378894     449248     378894    
7790   258925     209924     258925     209924    
7791   297685     237603     297685     237603    
7792   318788     252992     318788     252992    
7793   381543     320971     381543     320971    
7794   393341     343226     393341     343226    
7795   313071     257983     313071     257983    
7796   364377     314603     364377     314603    
7797   246057     196322     246057     196322    
7799   331529     290140     331529     290140    
7800   323153     267303     323153     267303    
7801   284723     252164     284723     252164    
7802   413593     361846     413593     361846    
7803   435062     385411     435062     385411    
7804   326026     262899     326026     262899    
7805   245892     203611     245892     203611    
7806   277361     242664     277361     242664    
7807   315862     253797     315862     253797    
7808   332155     285591     332155     285591    
7809   240602     196195     240602     196195    
7810   406682     349077     406682     349077    
7811   456070     372629     456070     372629    
7812   384469     333802     384469     333802    
7813   333015     286709     333015     286709    
7814   316464     258966     316464     258966    
7815   146044     116358     146044     116358    
7816   301022     255416     301022     255416    
7817   350570     291612     350570     291612    
7835   111327     87267.5    111327     87267.5   
7836   332572     235660     332572     235660    
7837   276981     207008     276981     207008    
7838   183849     146098     183849     146098    
7839   206845     148466     206845     148466    
7840   45090.9    25680.6    45090.9    25680.6   
7842   373588     308465     373588     308465    
7843   298107     262879     298107     262879    
7844   183211     167757     183211     167757    
7845   533038     473006     533038     473006    
7846   501522     456595     501522     456595    
7847   376909     318264     376909     318264    
7848   282423     248868     282423     248868    
7849   277380     253109     277380     253109    
7860   303242     241910     303242     241910    
7861   325128     252495     325128     252495    
7862   373226     305941     373226     305941    
7863   383243     330630     383243     330630    
7864   333267     294141     333267     294141    
7865   536991     467866     536991     467866    
7866   457221     394672     457221     394672    
7867   399246     322501     399246     322501    
7869   170841     137708     170841     137708    
7870   348639     298114     348639     298114    
7871   473411     434556     473411     434556    
7872   429137     381722     429137     381722    
7873   343274     284353     343274     284353    
7874   272834     233128     272834     233128    
7875   331032     294243     331032     294243    
7876   404767     361784     404767     361784    
7877   135125     113999     135125     113999    
7887   84296.3    55015      84296.3    55015     
7888   239562     201793     239562     201793    
7889   300125     248473     300125     248473    
7890   264362     224583     264362     224583    
7891   287001     235596     287001     235596    
7892   180709     115657     180709     115657    
7894   65749.8    53709.4    65749.8    53709.4   
7895   185642     123712     185642     123712    
7896   364508     320658     364508     320658    
7897   293715     225627     293715     225627    
7898   280077     185815     280077     185815    
7899   292994     201464     292994     201464    
7900   253664     194065     253664     194065    
7901   392211     331532     392211     331532    
7902   456397     396226     456397     396226    
7903   403057     360666     403057     360666    
7904   449526     410308     449526     410308    
7905   459288     417934     459288     417934    
7906   390702     323976     390702     323976    
7907   454540     409472     454540     409472    
7908   391334     332363     391334     332363    
7909   380284     320999     380284     320999    
7910   414807     366981     414807     366981    
7911   453093     406346     453093     406346    
7912   472854     430917     472854     430917    
7913   452815     399039     452815     399039    
7914   478821     437446     478821     437446    
7915   441318     384665     441318     384665    
7916   328150     274691     328150     274691    
7917   384335     334459     384335     334459    
7918   456117     410147     456117     410147    
7919   403415     339456     403415     339456    
7920   467246     433907     467246     433907    
7921   430680     385517     430680     385517    
7922   492865     460785     492865     460785    
7923   407368     357050     407368     357050    
7924   446122     405019     446122     405019    
7925   411843     351255     411843     351255    
7926   503881     466203     503881     466203    
7927   127819     117522     127819     117522    
7929   168441     157998     168441     157998    
7930   441996     386230     441996     386230    
7931   456210     415184     456210     415184    
7932   294327     258347     294327     258347    
7933   470037     427620     470037     427620    
7934   234176     197855     234176     197855    
7935   415999     358147     415999     358147    
7936   457614     407894     457614     407894    
7937   354669     312315     354669     312315    
7938   454183     399083     454183     399083    
7939   425353     371071     425353     371071    
7940   413916     346740     413916     346740    
7941   434057     371014     434057     371014    
7942   472538     414912     472538     414912    
7943   339696     299025     339696     299025    
7944   494387     431515     494387     431515    
7945   476988     448736     476988     448736    
7946   156948     130768     156948     130768    
7947   349068     308382     349068     308382    
7948   249679     228174     249679     228174    
7949   413556     376052     413556     376052    
7950   108533     87270.8    108533     87270.8   
7951   463561     417897     463561     417897    
7952   447451     403318     447451     403318    
7953   343775     309207     343775     309207    
7954   416593     370900     416593     370900    
7955   422462     368721     422462     368721    
7956   412623     373701     412623     373701    
7957   434698     380585     434698     380585    
7958   142329     113335     142329     113335    
7959   76145      65377.7    76145      65377.7   
7960   376752     324120     376752     324120    
7961   233233     199234     233233     199234    
7962   434960     376167     434960     376167    
7963   413431     362380     413431     362380    
7964   80931.7    64071.5    80931.7    64071.5   
7966   235895     202427     235895     202427    
7967   112062     92508.9    112062     92508.9   
7971   213676     183269     213676     183269    
7972   194960     169278     194960     169278    
7973   258626     216148     258626     216148    
7974   163294     125525     163294     125525    
7975   42733.5    28190.5    42733.5    28190.5   
7976   203292     151549     203292     151549    
7977   429332     358261     429332     358261    
7978   344329     278793     344329     278793    
7979   260171     209824     260171     209824    
7980   434738     376892     434738     376892    
7981   201269     163319     201269     163319    
7983   92255.5    67850.1    92255.5    67850.1   
7993   403142     330518     403142     330518    
7994   361921     300452     361921     300452    
7996   69304.7    60337.5    69304.7    60337.5   
7998   337922     278695     337922     278695    
7999   263800     212016     263800     212016    
8000   153471     127943     153471     127943    
8001   61641.3    34237.5    61641.3    34237.5   
8002   428053     351079     428053     351079    
8003   386351     338939     386351     338939    
8004   279791     227433     279791     227433    
8012   342236     240867     342236     240867    
8013   374747     286222     374747     286222    
8014   310903     252206     310903     252206    
8015   324010     257927     324010     257927    
8016   459830     397606     459830     397606    
8017   305126     263506     305126     263506    
8018   421081     325911     421081     325911    
8019   325725     274501     325725     274501    
8020   427858     332793     427858     332793    
8021   252686     171782     252686     171782    
8022   316044     241793     316044     241793    
8023   454029     379654     454029     379654    
8024   374302     318558     374302     318558    
8025   387203     330851     387203     330851    
8026   282776     220427     282776     220427    
8027   426672     384296     426672     384296    
8028   358579     315196     358579     315196    
8029   387985     320044     387985     320044    
8030   218050     174237     218050     174237    
8031   294249     231606     294249     231606    
8033   305494     257526     305494     257526    
8035   131641     110902     131641     110902    
8036   183761     154200     183761     154200    
8037   350152     295878     350152     295878    
8038   391804     325265     391804     325265    
8039   342247     269658     342247     269658    
8040   151137     82239.6    151137     82239.6   
8045   281707     218378     281707     218378    
8046   326913     232440     326913     232440    
8047   313906     249722     313906     249722    
8082   38209.5    20826.8    38209.5    20826.8   
8085   366631     325986     366631     325986    
8086   252073     218283     252073     218283    
8091   295806     244647     295806     244647    
8093   379857     320917     379857     320917    
8094   314540     252301     314540     252301    
8095   365385     315440     365385     315440    
8096   404894     326197     404894     326197    
8097   362341     317660     362341     317660    
8099   384675     338249     384675     338249    
8100   420352     371291     420352     371291    
8101   471858     433689     471858     433689    
8102   307655     262432     307655     262432    
8103   465516     418199     465516     418199    
8104   463475     418641     463475     418641    
8105   525783     461068     525783     461068    
8106   541624     471469     541624     471469    
8111   221540     178871     221540     178871    
8112   357572     314775     357572     314775    
8113   458096     401930     458096     401930    
8114   344992     294917     344992     294917    
8115   178672     144386     178672     144386    
8116   291289     251841     291289     251841    
8117   271209     206688     271209     206688    
8118   333567     280322     333567     280322    
8119   412608     362001     412608     362001    
8120   292654     223339     292654     223339    
8121   61186.6    36280.3    61186.6    36280.3   
8123   296050     253749     296050     253749    
8124   409944     349627     409944     349627    
8125   363681     309568     363681     309568    
8126   252347     176310     252347     176310    
8127   416195     363040     416195     363040    
8128   410547     347334     410547     347334    
8129   371264     317240     371264     317240    
8130   394060     326426     394060     326426    
8131   120599     92938.6    120599     92938.6   
8132   381887     318329     381887     318329    
8133   384246     340025     384246     340025    
8134   390702     344787     390702     344787    
8135   278857     208429     278857     208429    
8136   301891     268349     301891     268349    
8137   158444     129003     158444     129003    
8138   90887.7    69764.7    90887.7    69764.7   
8142   91799.7    34411.2    91799.7    34411.2   
8143   426625     375591     426625     375591    
8144   92081      71303.8    92081      71303.8   
8145   412604     372537     412604     372537    
8146   433528     379581     433528     379581    
8147   401831     347554     401831     347554    
8148   459778     414879     459778     414879    
8149   353216     315458     353216     315458    
8150   441070     395686     441070     395686    
8151   455823     401271     455823     401271    
8152   435401     389585     435401     389585    
8153   419654     372976     419654     372976    
8154   431572     383478     431572     383478    
8155   402991     347433     402991     347433    
8156   430599     373086     430599     373086    
8157   399143     351833     399143     351833    
8158   430892     381837     430892     381837    
8159   487186     433259     487186     433259    
8160   212022     199938     212022     199938    
8161   204543     183652     204543     183652    
8162   266157     235786     266157     235786    
8166   188241     128837     188241     128837    
8167   341593     290371     341593     290371    
8168   367809     320008     367809     320008    
8170   275257     233467     275257     233467    
8171   389122     345830     389122     345830    
8172   399267     348322     399267     348322    
8173   340783     270046     340783     270046    
8174   396460     350731     396460     350731    
8175   395337     317467     395337     317467    
8176   380771     337637     380771     337637    
8177   418953     371554     418953     371554    
8178   299447     268441     299447     268441    
8179   139110     121197     139110     121197    
8183   143542     111440     143542     111440    
8186   217089     175188     217089     175188    
8187   330476     271962     330476     271962    
8190   477131     427176     477131     427176    
8191   445841     381280     445841     381280    
8192   482232     432963     482232     432963    
8193   403945     350289     403945     350289    
8194   475705     432732     475705     432732    
8195   251608     225020     251608     225020    
8196   467194     414390     467194     414390    
8197   504389     456771     504389     456771    
8198   413265     363774     413265     363774    
8199   357217     302140     357217     302140    
8200   149728     112656     149728     112656    
8201   188763     166964     188763     166964    
8202   151966     116452     151966     116452    
8203   173900     131099     173900     131099    
8205   261030     207848     261030     207848    
8206   263600     221575     263600     221575    
8212   229273     187072     229273     187072    
8213   442888     391646     442888     391646    
8214   428875     376593     428875     376593    
8215   373267     313798     373267     313798    
8216   211418     175548     211418     175548    
8217   366337     319422     366337     319422    
8218   149283     117000     149283     117000    
8219   389596     325880     389596     325880    
8220   350729     284736     350729     284736    
8221   438502     394862     438502     394862    
8222   406181     342257     406181     342257    
8223   321412     290802     321412     290802    
8224   100812     88185.1    100812     88185.1   
8238   211333     139840     211333     139840    
8239   307561     229288     307561     229288    
8240   191294     128068     191294     128068    
8241   326956     237090     326956     237090    
8242   355548     282535     355548     282535    
8244   368146     284155     368146     284155    
8245   374914     307238     374914     307238    
8246   47138.4    28137.2    47138.4    28137.2   
8258   299179     225879     299179     225879    
8260   292923     231826     292923     231826    
8261   365513     327313     365513     327313    
8262   321693     276453     321693     276453    
8263   358594     292128     358594     292128    
8264   222357     169877     222357     169877    
8265   339403     266280     339403     266280    
8266   408655     340198     408655     340198    
8267   422345     360041     422345     360041    
8268   323263     273536     323263     273536    
8269   391470     339763     391470     339763    
8270   345945     290660     345945     290660    
8271   423494     349400     423494     349400    
8272   175619     132677     175619     132677    
8273   243338     186549     243338     186549    
8276   207019     176382     207019     176382    
8277   379996     309753     379996     309753    
8278   435065     364196     435065     364196    
8280   275425     210829     275425     210829    
8281   323576     275314     323576     275314    
8282   423526     372701     423526     372701    
8283   391311     337046     391311     337046    
8284   257184     221091     257184     221091    
8294   44988.8    37431.3    44988.8    37431.3   
8296   319289     268675     319289     268675    
8297   424915     381622     424915     381622    
8298   446893     391530     446893     391530    
8299   341752     296839     341752     296839    
8300   223577     201127     223577     201127    
8301   254042     222134     254042     222134    
8302   444592     388915     444592     388915    
8303   395122     332268     395122     332268    
8304   419387     361498     419387     361498    
8305   401449     319034     401449     319034    
8306   128055     92334.4    128055     92334.4   
8312   223065     187655     223065     187655    
8313   415192     345912     415192     345912    
8320   186011     82854.5    186011     82854.5   
8321   534884     450563     534884     450563    
8322   406964     350468     406964     350468    
8323   407224     355197     407224     355197    
8324   393947     330216     393947     330216    
8325   278106     225697     278106     225697    
8331   279672     237304     279672     237304    
8332   366918     313954     366918     313954    
8333   90464.3    66463.3    90464.3    66463.3   
8336   199040     167372     199040     167372    
8337   430414     375616     430414     375616    
8338   393936     345793     393936     345793    
8339   308441     255119     308441     255119    
8340   425677     376461     425677     376461    
8341   274070     200630     274070     200630    
8342   140441     111366     140441     111366    
8344   444411     357482     444411     357482    
8345   450593     372378     450593     372378    
8346   311181     241689     311181     241689    
8347   243443     196300     243443     196300    
8353   310150     231804     310150     231804    
8354   399616     344785     399616     344785    
8355   373623     315983     373623     315983    
8356   405722     345549     405722     345549    
8357   328359     272536     328359     272536    
8358   137262     90122.2    137262     90122.2   
8359   236962     183143     236962     183143    
8360   97912      62995.6    97912      62995.6   
8361   406382     350813     406382     350813    
8362   399581     346349     399581     346349    
8363   319425     237221     319425     237221    
8364   258544     194100     258544     194100    
8365   284030     210283     284030     210283    
8366   285227     218773     285227     218773    
8368   154233     113133     154233     113133    
8371   400726     308968     400726     308968    
8372   277596     204049     277596     204049    
8373   137026     96007.2    137026     96007.2   
8374   325821     269341     325821     269341    
8375   215158     176685     215158     176685    
8376   89154      43146.2    89154      43146.2   
8377   270260     217368     270260     217368    
8378   60445.4    32579.4    60445.4    32579.4   
8379   335176     282375     335176     282375    
8380   390095     352385     390095     352385    
8390   272419     222524     272419     222524    
8391   360615     325073     360615     325073    
8392   351345     295032     351345     295032    
8393   383167     341088     383167     341088    
8394   431989     383472     431989     383472    
8395   399363     359985     399363     359985    
8396   411929     367654     411929     367654    
8397   393144     350261     393144     350261    
8398   437113     391586     437113     391586    
8399   449842     402690     449842     402690    
8400   400696     355655     400696     355655    
8401   541516     491591     541516     491591    
8402   318046     281719     318046     281719    
8403   327044     263269     327044     263269    
8405   152917     121860     152917     121860    
8406   428647     358306     428647     358306    
8407   451661     398925     451661     398925    
8408   403608     336659     403608     336659    
8409   420123     367627     420123     367627    
8410   423923     364345     423923     364345    
8411   455263     403424     455263     403424    
8412   408860     340720     408860     340720    
8413   259069     186899     259069     186899    
8414   259339     225997     259339     225997    
8415   455071     403010     455071     403010    
8416   385627     351352     385627     351352    
8421   354837     284974     354837     284974    
8422   413636     356329     413636     356329    
8423   473525     435368     473525     435368    
8424   458714     414753     458714     414753    
8425   344470     301199     344470     301199    
8426   404544     331908     404544     331908    
8427   66946.5    54784.4    66946.5    54784.4   
8466   528229     464172     528229     464172    
8469   245228     199742     245228     199742    
8470   195163     160103     195163     160103    
8486   224592     170749     224592     170749    
8487   310480     265770     310480     265770    
8488   485549     423864     485549     423864    
8489   380287     313274     380287     313274    
8490   422071     367363     422071     367363    
8491   219692     183114     219692     183114    
8492   403718     350320     403718     350320    
8493   161200     133704     161200     133704    
8495   345753     288656     345753     288656    
8496   413112     332774     413112     332774    
8506   133501     95790.3    133501     95790.3   
8526   300451     244053     300451     244053    
8527   418151     365526     418151     365526    
8528   367895     313543     367895     313543    
8529   391729     332616     391729     332616    
8530   159039     135420     159039     135420    
8531   260360     226871     260360     226871    
8532   234121     187140     234121     187140    
8533   405662     337619     405662     337619    
8534   395628     314434     395628     314434    
8535   407479     338142     407479     338142    
8536   259067     205076     259067     205076    
8546   230052     172805     230052     172805    
8547   326798     274800     326798     274800    
8548   449676     379127     449676     379127    
8549   252488     217018     252488     217018    
8551   156428     137377     156428     137377    
8552   355398     300680     355398     300680    
8553   322927     278755     322927     278755    
8554   314506     245131     314506     245131    
8555   335455     286160     335455     286160    
8556   233319     198794     233319     198794    
8557   321205     273335     321205     273335    
8558   347522     293526     347522     293526    
