5408
5409
5439
5440
5441
5442
5443
5444
5445
5446
5447
5448
5449
5450
5451
5452
5453
5454
5455
5456
5457
5458
5459
5460
5461
5462
5463
5464
5465
5466
5467
5468
5469
5471
5472
5473
5474
5475
5476
5477
5478
5486
5488
5489
5576
5581
5582
5583
5613
5616
5620
5636
5637
5639
5640
5641
5642
5643
5644
5645
5646
5648
5649
5650
5651
5652
5653
5655
5656
5749
5750
5751
5752
5753
5757
5770
5772
5773
5774
5775
5776
5777
5778
5786
5787
5788
5789
5790
5791
5792
5793
5794
5795
5796
5797
5798
5799
5800
5801
5802
5803
5804
5805
5806
5808
5809
5810
5811
5812
5813
5814
5815
5816
5817
5818
5819
5915
5916
5917
5918
5919
5921
5922
5923
5924
5928
5929
5942
5943
5944
5950
5952
5953
5954
5955
5956
5957
5958
5959
5960
5961
5962
5963
5964
5965
5966
5967
5968
5969
5970
5971
5972
6032
6033
6034
6036
6085
6086
6087
6089
6090
6091
6093
6094
6098
6099
6102
6103
6104
6107
6108
6109
6110
6116
6118
6119
6120
6121
6122
6123
6124
6125
6126
6127
6128
6129
6130
6131
6132
6133
6134
6135
6136
6159
6160
6161
6162
6163
6164
6165
6166
6168
6176
6177
6178
6179
6185
6186
6187
6193
6194
6195
6201
6202
6203
6204
6205
6206
6207
6208
6209
6210
6211
6212
6213
6214
6215
6216
6217
6218
6234
6235
6236
6237
6238
6239
6240
6241
6248
6249
6252
6255
6256
6257
6258
6259
6284
6285
6314
6315
6316
6317
6318
6319
6320
6321
6328
6329
6330
6331
6332
6333
6334
6424
6427
6428
6429
6430
6431
6432
6433
6434
6435
6436
6437
6439
6440
6443
6444
6445
6446
6447
6448
6449
6451
6452
6455
6456
6457
6458
6459
6460
6461
6462
6463
6464
6514
6515
6516
6517
6518
6519
6520
6522
6526
6527
6528
6529
6530
6531
6532
6533
6534
6535
6536
6537
6538
6539
6540
6541
6542
6543
6544
6545
6563
6564
6565
6566
6567
6571
6572
6573
6574
6575
6576
6577
6578
6579
6580
6581
6582
6583
6584
6585
6586
6587
6588
6589
6590
6591
6592
6593
6594
6595
6596
6597
6598
6599
6600
6608
6612
6613
6614
6615
6616
6617
6618
6619
6620
6621
6622
6623
6624
6625
6627
6628
6629
6630
6631
6632
6633
6636
6637
6638
6639
6644
6645
6646
6647
6650
6662
6663
6664
6665
6666
6667
6668
6669
6670
6671
6672
6673
6685
6691
6693
6694
6695
6696
6697
6711
6712
6713
6723
6724
6725
6726
6727
6728
6729
6730
6753
6754
6755
6756
6762
6764
6765
6768
6781
6782
6783
6784
6785
6786
6787
6788
6789
6790
6791
6792
6793
6794
6795
6796
6797
6798
6799
6800
6801
6802
6803
6804
6805
6806
6808
6809
6810
6811
6812
6813
6814
6815
6816
6817
6818
6819
6820
6821
6822
6823
6824
6825
6826
6827
6852
6853
6854
6864
6865
6866
6867
6868
6883
6884
6885
6886
6887
6888
6889
6890
6891
6892
6893
6894
6895
6896
6909
6910
6913
6914
6915
6916
6917
6918
6919
6920
6921
6922
6923
6924
6925
6926
6927
6928
6929
6932
6933
6934
6935
6936
6937
6938
6939
6940
6941
6942
6943
6944
6945
6946
6947
6948
6949
6950
6951
6953
6954
6955
6956
6959
6960
6961
6962
6963
6964
6965
6966
6967
6968
6969
6970
6971
6972
6973
6974
6975
6976
6977
6978
6980
6981
6982
6983
6987
6988
6989
6991
6992
6994
6995
6996
6997
6998
6999
7000
7001
7002
7003
7004
7005
7006
7007
7008
7010
7011
7012
7013
7014
7015
7016
7017
7018
7019
7020
7021
7022
7023
7024
7025
7026
7040
7041
7044
7045
7046
7047
7048
7058
7059
7062
7063
7064
7065
7066
7067
7068
7069
7070
7071
7072
7073
7074
7075
7076
7077
7079
7080
7081
7082
7086
7087
7088
7089
7090
7091
7092
7093
7094
7095
7096
7097
7098
7099
7100
7106
7107
7108
7110
7113
7114
7118
7119
7120
7122
7127
7128
7129
7130
7131
7139
7140
7141
7142
7143
7144
7145
7146
7147
7148
7149
7150
7151
7152
7153
7154
7155
7156
7157
7158
7159
7160
7161
7162
7163
7165
7167
7168
7169
7170
7171
7172
7173
7174
7175
7176
7180
7181
7183
7184
7185
7186
7187
7188
7189
7190
7191
7192
7193
7195
7196
7207
7208
7209
7210
7211
7212
7213
7214
7215
7216
7226
7227
7228
7229
7230
7232
7235
7236
7237
7238
7239
7241
7242
7243
7244
7245
7246
7247
7248
7249
7251
7252
7253
7255
7256
7257
7258
7259
7260
7261
7262
7263
7264
7265
7266
7267
7268
7283
7284
7285
7286
7287
7288
7289
7291
7292
7293
7294
7295
7296
7297
7306
7307
7310
7311
7312
7313
7314
7315
7316
7317
7318
7319
7320
7321
7322
7323
7324
7326
7328
7331
7332
7333
7336
7337
7338
7339
7340
7341
7342
7343
7344
7345
7346
7347
7348
7349
7350
7351
7352
7353
7354
7355
7356
7357
7363
7364
7365
7368
7369
7370
7371
7372
7373
7374
7375
7376
7377
7378
7379
7391
7392
7393
7394
7395
7396
7397
7398
7399
7401
7402
7403
7404
7408
7409
7413
7414
7415
7416
7417
7418
7419
7423
7424
7425
7426
7427
7428
7429
7430
7627
7628
7629
7630
7631
7632
7634
7635
7657
7658
7660
7661
7679
7681
7682
7683
7684
7685
7686
7687
7693
7694
7697
7698
7699
7700
7701
7702
7703
7704
7705
7706
7707
7713
7714
7715
7718
7719
7720
7734
7735
7736
7737
7738
7739
7740
7741
7742
7759
7760
7762
7763
7764
7765
7766
7776
7778
7779
7780
7781
7782
7783
7784
7785
7786
7787
7788
7789
7790
7791
7792
7793
7794
7795
7796
7797
7799
7800
7801
7802
7803
7804
7805
7806
7807
7808
7809
7810
7811
7812
7813
7814
7815
7816
7817
7835
7836
7837
7838
7839
7840
7842
7843
7844
7845
7846
7847
7848
7849
7860
7861
7862
7863
7864
7865
7866
7867
7869
7870
7871
7872
7873
7874
7875
7876
7877
7887
7888
7889
7890
7891
7892
7894
7895
7896
7897
7898
7899
7900
7901
7902
7903
7904
7905
7906
7907
7908
7909
7910
7911
7912
7913
7914
7915
7916
7917
7918
7919
7920
7921
7922
7923
7924
7925
7926
7927
7929
7930
7931
7932
7933
7934
7935
7936
7937
7938
7939
7940
7941
7942
7943
7944
7945
7946
7947
7948
7949
7950
7951
7952
7953
7954
7955
7956
7957
7958
7959
7960
7961
7962
7963
7964
7966
7967
7971
7972
7973
7974
7975
7976
7977
7978
7979
7980
7981
7983
7993
7994
7996
7998
7999
8000
8001
8002
8003
8004
8012
8013
8014
8015
8016
8017
8018
8019
8020
8021
8022
8023
8024
8025
8026
8027
8028
8029
8030
8031
8033
8035
8036
8037
8038
8039
8040
8045
8046
8047
8082
8085
8086
8091
8093
8094
8095
8096
8097
8099
8100
8101
8102
8103
8104
8105
8106
8111
8112
8113
8114
8115
8116
8117
8118
8119
8120
8121
8123
8124
8125
8126
8127
8128
8129
8130
8131
8132
8133
8134
8135
8136
8137
8138
8142
8143
8144
8145
8146
8147
8148
8149
8150
8151
8152
8153
8154
8155
8156
8157
8158
8159
8160
8161
8162
8166
8167
8168
8170
8171
8172
8173
8174
8175
8176
8177
8178
8179
8183
8186
8187
8190
8191
8192
8193
8194
8195
8196
8197
8198
8199
8200
8201
8202
8203
8205
8206
8212
8213
8214
8215
8216
8217
8218
8219
8220
8221
8222
8223
8224
8238
8239
8240
8241
8242
8244
8245
8246
8258
8260
8261
8262
8263
8264
8265
8266
8267
8268
8269
8270
8271
8272
8273
8276
8277
8278
8280
8281
8282
8283
8284
8294
8296
8297
8298
8299
8300
8301
8302
8303
8304
8305
8306
8312
8313
8320
8321
8322
8323
8324
8325
8331
8332
8333
8336
8337
8338
8339
8340
8341
8342
8344
8345
8346
8347
8353
8354
8355
8356
8357
8358
8359
8360
8361
8362
8363
8364
8365
8366
8368
8371
8372
8373
8374
8375
8376
8377
8378
8379
8380
8390
8391
8392
8393
8394
8395
8396
8397
8398
8399
8400
8401
8402
8403
8405
8406
8407
8408
8409
8410
8411
8412
8413
8414
8415
8416
8421
8422
8423
8424
8425
8426
8427
8466
8469
8470
8486
8487
8488
8489
8490
8491
8492
8493
8495
8496
8506
8526
8527
8528
8529
8530
8531
8532
8533
8534
8535
8536
8546
8547
8548
8549
8551
8552
8553
8554
8555
8556
8557
8558
